&sigs
sigmas = 0.00000000, 10.0000000, 30.0000000, 55.0000000,
90.0000000, 140.000000, 210.000000, 300.000000,
410.000000, 540.000000, 690.000000, 860.000000,
1050.00000, 1265.00000, 1515.00000, 1805.00000,
2135.00000, 2505.00000, 2915.00000, 3365.00000,
3855.00000, 4385.00000, 4955.00000, 5565.00000,
6215.00000, 6905.00000, 7635.00000, 8405.00000,
9215.00000, 10065.0000, 10955.0000, 11885.0000,
12860.0000, 13910.0000, 15072.5000, 16385.0000,
17885.0000, 19685.0000, 21985.0000, 25085.0000,
29385.0000, 31885.0000
&end
